subref	form	norm	lemma	tag	curated
1.1@Ἐκ	Ἐκ	ἐκ			n
1.1@προφητείας	προφητείας	προφητείας			n
1.1@Ἀμβακοὐμ	Ἀμβακοὐμ	ἀμβακοὐμ			n
1.1@υἱοῦ	υἱοῦ	υἱοῦ			n
1.1@Ἰησοῦ	Ἰησοῦ	ἰησοῦ			n
1.1@ἐκ	ἐκ	ἐκ			n
1.1@τῆς	τῆς	τῆς			n
1.1@φυλῆς	φυλῆς	φυλῆς			n
1.1@Δευί	Δευί	δευί			n
1.2@Ἄνθρωπός	Ἄνθρωπός	ἄνθρωπος			n
1.2@τις	τις	τὶς			n
1.2@ἧν	ἧν	ἧν			n
1.2@ἱερεύς	ἱερεύς	ἱερεύς			n
1.2@ᾧ	ᾧ	ᾧ			n
1.2@ὄνομα	ὄνομα	ὄνομα			n
1.2@Δανιὴλ	Δανιὴλ	δανιήλ			n
1.2@υἱὸς	υἱὸς	υἱός			n
1.2@Ἁβάλ	Ἁβάλ	ἁβάλ			n
1.2@συμβιωτὴς	συμβιωτὴς	συμβιωτής			n
1.2@τοῦ	τοῦ	τοῦ			n
1.2@βασιλέως	βασιλέως	βασιλέως			n
1.2@Βαβυλῶνος	Βαβυλῶνος	βαβυλῶνος			n
1.3@καὶ	καὶ	καί			n
1.3@ἧν	ἧν	ἧν			n
1.3@εἴδωλον	εἴδωλον	εἴδωλον			n
1.3@Βήλ	Βήλ	βήλ			n
1.3@ὃ	ὃ	ὅ			n
1.3@ἐσέβοντο	ἐσέβοντο	ἐσέβοντο			n
1.3@οἱ	οἱ	οἱ			n
1.3@Βαβυλώνιοι	Βαβυλώνιοι	βαβυλώνιοι			n
1.3@ἀνηλίσκετο	ἀνηλίσκετο	ἀνηλίσκετο			n
1.3@δὲ	δὲ	δέ			n
1.3@αὐτῷ	αὐτῷ	αὐτῷ			n
1.3@καθʼ	καθʼ	καθʼ			n
1.3@ἑκάστην	ἑκάστην	ἑκάστην			n
1.3@ἡμέραν	ἡμέραν	ἡμέραν			n
1.3@σεμιδάλεως	σεμιδάλεως	σεμιδάλεως			n
1.3@ἀρτάβαι	ἀρτάβαι	ἀρτάβαι			n
1.3@δέκα	δέκα	δέκα			n
1.3@δύο	δύο	δύο			n
1.3@καὶ[2]	καὶ	καί			n
1.3@πρόβατα	πρόβατα	πρόβατα			n
1.3@τέσσαρα	τέσσαρα	τέσσαρα			n
1.3@καὶ[3]	καὶ	καί			n
1.3@ἐλαίου	ἐλαίου	ἐλαίου			n
1.3@μετρηταὶ	μετρηταὶ	μετρηταί			n
1.3@ἔξ	ἔξ	ἔξ			n
1.4@καὶ	καὶ	καί			n
1.4@ὃ	ὃ	ὅ			n
1.4@βασιλεὺς	βασιλεὺς	βασιλεύς			n
1.4@ἐσέβετο	ἐσέβετο	ἐσέβετο			n
1.4@αὐτόν	αὐτόν	αὐτόν			n
1.4@καὶ[2]	καὶ	καί			n
1.4@ἐπορεύετο	ἐπορεύετο	ἐπορεύετο			n
1.4@ὁ	ὁ	ὁ			n
1.4@βασιλεὺς[2]	βασιλεὺς	βασιλεύς			n
1.4@καθʼ	καθʼ	καθʼ			n
1.4@ἑκάστην	ἑκάστην	ἑκάστην			n
1.4@ἡμέραν	ἡμέραν	ἡμέραν			n
1.4@καὶ[3]	καὶ	καί			n
1.4@προσεκύνει	προσεκύνει	προσεκύνει			n
1.4@αὐτῷ	αὐτῷ	αὐτῷ			n
1.4@Δανιὴλ	Δανιὴλ	δανιήλ			n
1.4@δὲ	δὲ	δέ			n
1.4@προσηύχετο	προσηύχετο	προσηύχετο			n
1.4@πρὸς	πρὸς	πρός			n
1.4@Κύριον	Κύριον	κύριον			n
1.4@καὶ[4]	καὶ	καί			n
1.4@εἶπεν	εἶπεν	εἶπεν			n
1.4@ὁ[2]	ὁ	ὁ			n
1.4@βασιλεὺς[3]	βασιλεὺς	βασιλεύς			n
1.4@τῷ[2]	τῷ	τῷ			n
1.4@Δανιὴλ[2]	Δανιὴλ	δανιήλ			n
1.4@Διὰ	Διὰ	διά			n
1.4@τί	τί	τί			n
1.4@οὐ	οὐ	οὐ			n
1.4@προσκυνεῖς	προσκυνεῖς	προσκυνεῖς			n
1.4@τῷ[3]	τῷ	τῷ			n
1.4@Βήλ	Βήλ	βήλ			n
1.5@καὶ	καὶ	καί			n
1.5@εἶπε	εἶπε	εἶπε			n
1.5@Δανιὴλ	Δανιὴλ	δανιήλ			n
1.5@πρὸς	πρὸς	πρός			n
1.5@τὸν	τὸν	τόν			n
1.5@βασιλέα	βασιλέα	βασιλέα			n
1.5@Οὐδένα	Οὐδένα	οὐδένα			n
1.5@σέβομαι	σέβομαι	σέβομαι			n
1.5@ἐγὼ	ἐγὼ	ἐγώ			n
1.5@εἰ	εἰ	εἰ			n
1.5@μὴ	μὴ	μή			n
1.5@Κύριον	Κύριον	κύριον			n
1.5@τὸν[2]	τὸν	τόν			n
1.5@θεὸν	θεὸν	θεόν			n
1.5@τὸν[3]	τὸν	τόν			n
1.5@κτίσαντα	κτίσαντα	κτίσαντα			n
1.5@τὸν[4]	τὸν	τόν			n
1.5@οὐρανὸν	οὐρανὸν	οὐρανόν			n
1.5@καὶ[2]	καὶ	καί			n
1.5@τὴν	τὴν	τήν			n
1.5@γῆν	γῆν	γῆν			n
1.5@καὶ[3]	καὶ	καί			n
1.5@ἔχοντα	ἔχοντα	ἔχοντα			n
1.5@πάσης	πάσης	πάσης			n
1.5@σαρκὸς	σαρκὸς	σαρκός			n
1.5@κυρείαν	κυρείαν	κυρείαν			n
1.6@εἶπεν	εἶπεν	εἶπεν			n
1.6@δὲ	δὲ	δέ			n
1.6@ὁ	ὁ	ὁ			n
1.6@βασιλεὺς	βασιλεὺς	βασιλεύς			n
1.6@αὐτῷ	αὐτῷ	αὐτῷ			n
1.6@Οὗτος	Οὗτος	οὗτος			n
1.6@οὗν	οὗν	οὗν			n
1.6@οὐκ	οὐκ	οὐ			n
1.6@ἔστι	ἔστι	ἔστι			n
1.6@θεός	θεός	θεός			n
1.6@οὐχ	οὐχ	οὐ			n
1.6@ὁρᾷς	ὁρᾷς	ὁρᾷς			n
1.6@ὅσα	ὅσα	ὅσα			n
1.6@εἰς	εἰς	εἰς			n
1.6@αὐτὸν	αὐτὸν	αὐτόν			n
1.6@δαπανᾶται	δαπανᾶται	δαπανᾶται			n
1.6@καθʼ	καθʼ	καθʼ			n
1.6@ἑκάστην	ἑκάστην	ἑκάστην			n
1.6@ἡμέραν	ἡμέραν	ἡμέραν			n
1.7@καὶ	καὶ	καί			n
1.7@εἶπεν	εἶπεν	εἶπεν			n
1.7@αὐτῷ	αὐτῷ	αὐτῷ			n
1.7@Δανιὴλ	Δανιὴλ	δανιήλ			n
1.7@Μηδαμῶς	Μηδαμῶς	μηδαμῶς			n
1.7@μηδείς	μηδείς	μηδείς			n
1.7@σε	σε	σε			n
1.7@παραλογιζέσθω	παραλογιζέσθω	παραλογιζέσθω			n
1.7@οὗτος	οὗτος	οὗτος			n
1.7@γὰρ	γὰρ	γάρ			n
1.7@ἔσωθεν	ἔσωθεν	ἔσωθεν			n
1.7@μέν	μέν	μέν			n
1.7@πήλινός	πήλινός	πήλινος			n
1.7@ἐστιν	ἐστιν	ἐστίν			n
1.7@ἔξωθεν	ἔξωθεν	ἔξωθεν			n
1.7@δέ	δέ	δέ			n
1.7@χαλκοῦς	χαλκοῦς	χαλκοῦς			n
1.7@ὀμνύω	ὀμνύω	ὀμνύω			n
1.7@δέ[2]	δέ	δέ			n
1.7@σοι	σοι	σοι			n
1.7@Κύριον	Κύριον	κύριον			n
1.7@τὸν	τὸν	τόν			n
1.7@θεὸν	θεὸν	θεόν			n
1.7@τῶν	τῶν	τῶν			n
1.7@θεῶν	θεῶν	θεῶν			n
1.7@ὅτι	ὅτι	ὅτι			n
1.7@οὐθὲν	οὐθὲν	οὐθέν			n
1.7@βέβρωκε	βέβρωκε	βέβρωκε			n
1.7@πώποτε	πώποτε	πώποτε			n
1.7@οὗτος[2]	οὗτος	οὗτος			n
1.8@καὶ	καὶ	καί			n
1.8@θυμωθεὶς	θυμωθεὶς	θυμωθείς			n
1.8@ὁ	ὁ	ὁ			n
1.8@βασιλεὺς	βασιλεὺς	βασιλεύς			n
1.8@ἐκάλεσε	ἐκάλεσε	ἐκάλεσε			n
1.8@τοὺς	τοὺς	τούς			n
1.8@προεστηκότας	προεστηκότας	προεστηκότας			n
1.8@τοῦ	τοῦ	τοῦ			n
1.8@ἱεροῦ	ἱεροῦ	ἱεροῦ			n
1.8@καὶ[2]	καὶ	καί			n
1.8@εἶπεν	εἶπεν	εἶπεν			n
1.8@αὐτοῖς	αὐτοῖς	αὐτοῖς			n
1.8@Παραδείξατε	Παραδείξατε	παραδείξατε			n
1.8@τὸν	τὸν	τόν			n
1.8@ἐσθίοντα	ἐσθίοντα	ἐσθίοντα			n
1.8@τὰ	τὰ	τά			n
1.8@παρασκευαζόμενα	παρασκευαζόμενα	παρασκευαζόμενα			n
1.8@τῷ	τῷ	τῷ			n
1.8@Βήλ	Βήλ	βήλ			n
1.8@εἰ	εἰ	εἰ			n
1.8@δὲ	δὲ	δέ			n
1.8@μή	μή	μή			n
1.8@γε	γε	γέ			n
1.8@ἀποθανεῖσθε	ἀποθανεῖσθε	ἀποθανεῖσθε			n
1.9@ἢ	ἢ	ἤ			n
1.9@Δανιὴλ	Δανιὴλ	δανιήλ			n
1.9@ὁ	ὁ	ὁ			n
1.9@φάσκων	φάσκων	φάσκων			n
1.9@μὴ	μὴ	μή			n
1.9@ἐσθίεσθαι	ἐσθίεσθαι	ἐσθίεσθαι			n
1.9@αὐτὰ	αὐτὰ	αὐτά			n
1.9@ὑπʼ	ὑπʼ	ὑπʼ			n
1.9@αὐτοῦ	αὐτοῦ	αὐτοῦ			n
1.9@οἱ	οἱ	οἱ			n
1.9@δὲ	δὲ	δέ			n
1.9@εἶπαν	εἶπαν	εἶπαν			n
1.9@Αὐτὸς	Αὐτὸς	αὐτός			n
1.9@ὁ[2]	ὁ	ὁ			n
1.9@Βήλ	Βήλ	βήλ			n
1.9@ἐστιν	ἐστιν	ἐστίν			n
1.9@ὁ[3]	ὁ	ὁ			n
1.9@κατεσθίων	κατεσθίων	κατεσθίων			n
1.9@αὐτά	αὐτά	αὐτά			n
1.9@εἶπε	εἶπε	εἶπε			n
1.9@δὲ[2]	δὲ	δέ			n
1.9@Δανιὴλ[2]	Δανιὴλ	δανιήλ			n
1.9@πρὸς	πρὸς	πρός			n
1.9@τὸν	τὸν	τόν			n
1.9@βασιλέα	βασιλέα	βασιλέα			n
1.9@Γινέσθω	Γινέσθω	γινέσθω			n
1.9@οὕτως	οὕτως	οὕτως			n
1.9@ἐὰν	ἐὰν	ἐάν			n
1.9@μὴ[2]	μὴ	μή			n
1.9@παραδείξω	παραδείξω	παραδείξω			n
1.9@sὅτι	sὅτι	sὅτι			n
1.9@οὐκ	οὐκ	οὐ			n
1.9@ἔστιν	ἔστιν	ἔστιν			n
1.9@ὁ[4]	ὁ	ὁ			n
1.9@Βὴλ	Βὴλ	βήλ			n
1.9@ὁ[5]	ὁ	ὁ			n
1.9@κατεσθίων[2]	κατεσθίων	κατεσθίων			n
1.9@ταῦτα	ταῦτα	ταῦτα			n
1.9@ἀποθανοῦμαι	ἀποθανοῦμαι	ἀποθανοῦμαι			n
1.9@καὶ	καὶ	καί			n
1.9@πάντες	πάντες	πάντες			n
1.9@οἱ[2]	οἱ	οἱ			n
1.9@παρʼ	παρʼ	παρʼ			n
1.9@ἐμοῦ	ἐμοῦ	ἐμοῦ			n
1.10@ἦσαν	ἦσαν	ἦσαν			n
1.10@δέ	δέ	δέ			n
1.10@τῷ	τῷ	τῷ			n
1.10@Βὴλ	Βὴλ	βήλ			n
1.10@ἱερεῖς	ἱερεῖς	ἱερεῖς			n
1.10@ἑβδομήκοντα	ἑβδομήκοντα	ἑβδομήκοντα			n
1.10@χωρὶς	χωρὶς	χωρίς			n
1.10@Syr	Syr	syr			n
1.10@Inscr	Inscr	inscr			n
1.10@Bηλ	Bηλ	bηλ			n
1.10@Syr[2]	Syr	syr			n
1.10@deest	deest	deest			n
1.10@in	in	in			n
1.10@87	87	87			n
1.10@Tit	Tit	tit			n
1.10@Αμβακουμ	Αμβακουμ	αμβακουμ			n
1.10@Ἁβακουκ	Ἁβακουκ	ἁβακουκ			n
1.10@Syr[3]	Syr	syr			n
1.10@item	item	item			n
1.10@33	33	33			n
1.10@Sqq	Sqq	sqq			n
1.10@3[3]	3	3			n
1.10@αΗλΙCΚεΤο	αΗλΙCΚεΤο	αηλιcκετο			n
1.10@Syrmg	Syrmg	syrmg			n
1.10@τεσσαρα	τεσσαρα	τεσσαρα			n
1.10@τεσσαρακοντα	τεσσαρακοντα	τεσσαρακοντα			n
1.10@Syrᵐᵍ	Syrᵐᵍ	syrᵐᵍ			n
1.10@και	και	και			n
1.10@ελαιου	ελαιου	ελαιου			n
1.10@και[2]	και	και			n
1.10@οινου	οινου	οινου			n
1.10@Syrmg[2]	Syrmg	syrmg			n
1.10@μετρητας	μετρητας	μετρητας			n
1.10@87[2]	87	87			n
1.10@6	6	6			n
1.10@ουτος	ουτος	ουτος			n
1.10@ουτως	ουτως	ουτως			n
1.10@87[3]	87	87			n
1.10@τος[2]	τος	τος			n
1.10@87a	87a	87a			n
1.10@7[5]	7	7			n
1.10@ομννω	ομννω	ομννω			n
1.10@των	των	των			n
1.10@θεων	θεων	θεων			n
1.10@Syr[7]	Syr	syr			n
1.10@8[5]	8	8			n
1.10@παραδειξειτε	παραδειξειτε	παραδειξειτε			n
1.10@87eᵈ	87eᵈ	87eᵈ			n
1.10@9	9	9			n
1.10@εμου	εμου	εμου			n
1.10@εμοι	εμοι	εμοι			n
1.10@87a[2]	87a	87a			n
1.10@superscr	superscr	superscr			n
1.10@οι[3]	οι	οι			n
1.10@87[7]	87	87			n
1.10@γυναικῶν	γυναικῶν	γυναικῶν			n
1.10@καὶ	καὶ	καί			n
1.10@τέκνων	τέκνων	τέκνων			n
1.10@ἤγαγον	ἤγαγον	ἤγαγον			n
1.10@δὲ	δὲ	δέ			n
1.10@τὸν	τὸν	τόν			n
1.10@βασιλέα	βασιλέα	βασιλέα			n
1.10@εἰς	εἰς	εἰς			n
1.10@τὸ[2]	τὸ	τό			n
1.10@εἰδώλιον	εἰδώλιον	εἰδώλιον			n
1.11@καὶ	καὶ	καί			n
1.11@παρετέθη	παρετέθη	παρετέθη			n
1.11@τὰ	τὰ	τά			n
1.11@βρώματα	βρώματα	βρώματα			n
1.11@ἐνώπιον	ἐνώπιον	ἐνώπιον			n
1.11@τοῦ	τοῦ	τοῦ			n
1.11@βασιλέως	βασιλέως	βασιλέως			n
1.11@καὶ[2]	καὶ	καί			n
1.11@τοῦ[2]	τοῦ	τοῦ			n
1.11@Δανιὴλ	Δανιὴλ	δανιήλ			n
1.11@καὶ[3]	καὶ	καί			n
1.11@οἶνος	οἶνος	οἶνος			n
1.11@κερασθεὶς	κερασθεὶς	κερασθείς			n
1.11@εἰσηνέχθη	εἰσηνέχθη	εἰσηνέχθη			n
1.11@καὶ[4]	καὶ	καί			n
1.11@παρετέθη[2]	παρετέθη	παρετέθη			n
1.11@τῷ	τῷ	τῷ			n
1.11@Βήλ	Βήλ	βήλ			n
1.11@καὶ[5]	καὶ	καί			n
1.11@εἶπεν	εἶπεν	εἶπεν			n
1.11@Δανιὴλ[2]	Δανιὴλ	δανιήλ			n
1.11@Σὺ	Σὺ	σύ			n
1.11@αὐτὸς	αὐτὸς	αὐτός			n
1.11@ὁρᾶς	ὁρᾶς	ὁρᾶς			n
1.11@ὅτι	ὅτι	ὅτι			n
1.11@κεῖται	κεῖται	κεῖται			n
1.11@ταῦτα	ταῦτα	ταῦτα			n
1.11@βασιλεῦ	βασιλεῦ	βασιλεῦ			n
1.11@σὺ	σὺ	σύ			n
1.11@οὗν	οὗν	οὗν			n
1.11@ἐπισφράγισαι	ἐπισφράγισαι	ἐπισφράγισαι			n
1.11@τὰς	τὰς	τάς			n
1.11@κλεῖδας	κλεῖδας	κλεῖδας			n
1.11@τοῦ[3]	τοῦ	τοῦ			n
1.11@ναοῦ	ναοῦ	ναοῦ			n
1.11@ἐπὰν	ἐπὰν	ἐπάν			n
1.11@κλεισθῇ	κλεισθῇ	κλεισθῇ			n
1.11@ἤρεσεν	ἤρεσεν	ἤρεσεν			n
1.11@δὲ	δὲ	δέ			n
1.11@ὁ[2]	ὁ	ὁ			n
1.11@λόγος	λόγος	λόγος			n
1.11@τῷ[2]	τῷ	τῷ			n
1.11@βασιλεῖ	βασιλεῖ	βασιλεῖ			n
1.14@ὁ	ὁ	ὁ			n
1.14@δὲ	δὲ	δέ			n
1.14@Δανιὴλ	Δανιὴλ	δανιήλ			n
1.14@ἐκέλευσε	ἐκέλευσε	ἐκέλευσε			n
1.14@τοὺς	τοὺς	τούς			n
1.14@παρʼ	παρʼ	παρʼ			n
1.14@αὐτοῦ	αὐτοῦ	αὐτοῦ			n
1.14@ἐκβαλόντας	ἐκβαλόντας	ἐκβαλόντας			n
1.14@πάντας	πάντας	πάντας			n
1.14@ἐκ[3]	ἐκ	ἐκ			n
1.14@τοῦ[2]	τοῦ	τοῦ			n
1.14@ναοῦ	ναοῦ	ναοῦ			n
1.14@κατασῆσαι	κατασῆσαι	κατασῆσαι			n
1.14@ὅλον	ὅλον	ὅλον			n
1.14@τὸν	τὸν	τόν			n
1.14@ναὸν	ναὸν	ναόν			n
1.14@σποδῷ	σποδῷ	σποδῷ			n
1.14@οὐθενὸς	οὐθενὸς	οὐθενός			n
1.14@τῶν	τῶν	τῶν			n
1.14@ἐκτὸς	ἐκτὸς	ἐκτός			n
1.14@αὐτοῦ[2]	αὐτοῦ	αὐτοῦ			n
1.14@εἰδότος	εἰδότος	εἰδότος			n
1.14@καὶ	καὶ	καί			n
1.14@τότε	τότε	τότε			n
1.14@σφραγισάμενος	σφραγισάμενος	σφραγισάμενος			n
1.14@τὸν[2]	τὸν	τόν			n
1.14@ναὸν[2]	ναὸν	ναόν			n
1.14@ἐκέλευσε[2]	ἐκέλευσε	ἐκέλευσε			n
1.14@σφραγίσαι	σφραγίσαι	σφραγίσαι			n
1.14@τῷ	τῷ	τῷ			n
1.14@τοῦ[4]	τοῦ	τοῦ			n
1.14@βασιλέως	βασιλέως	βασιλέως			n
1.14@δακτυλίῳ	δακτυλίῳ	δακτυλίῳ			n
1.14@καὶ[2]	καὶ	καί			n
1.14@τοῖς	τοῖς	τοῖς			n
1.14@δακτυλίοις	δακτυλίοις	δακτυλίοις			n
1.14@τινῶν	τινῶν	τινῶν			n
1.14@ἐνδόξων	ἐνδόξων	ἐνδόξων			n
1.14@ἱερέων	ἱερέων	ἱερέων			n
1.14@καὶ[3]	καὶ	καί			n
1.14@ἐγένετο	ἐγένετο	ἐγένετο			n
1.14@οὕτως	οὕτως	οὕτως			n
1.15@17	17	17			n
1.15@καὶ	καὶ	καί			n
1.15@ἐγένετο	ἐγένετο	ἐγένετο			n
1.15@τῇ	τῇ	τῇ			n
1.15@ἐπαύριον	ἐπαύριον	ἐπαύριον			n
1.15@παρεγένοντο	παρεγένοντο	παρεγένοντο			n
1.15@ἐπὶ	ἐπὶ	ἐπί			n
1.15@τὸν	τὸν	τόν			n
1.15@τόπον	τόπον	τόπον			n
1.15@οἱ	οἱ	οἱ			n
1.15@δὲ	δὲ	δέ			n
1.15@ἱερεῖς	ἱερεῖς	ἱερεῖς			n
1.15@τοῦ	τοῦ	τοῦ			n
1.15@Βὴλ	Βὴλ	βήλ			n
1.15@διὰ	διὰ	διά			n
1.15@ψευδοθυρίδων	ψευδοθυρίδων	ψευδοθυρίδων			n
1.15@εἰσελθόντες	εἰσελθόντες	εἰσελθόντες			n
1.15@κατεφάγοσαν	κατεφάγοσαν	κατεφάγοσαν			n
1.15@πάντα	πάντα	πάντα			n
1.15@τὰ	τὰ	τά			n
1.15@παρακείμενα	παρακείμενα	παρακείμενα			n
1.15@τῷ	τῷ	τῷ			n
1.15@Βὴλ[2]	Βὴλ	βήλ			n
1.15@καὶ[2]	καὶ	καί			n
1.15@ἐξέπιον	ἐξέπιον	ἐξέπιον			n
1.15@τὸν[2]	τὸν	τόν			n
1.15@οἶνον	οἶνον	οἶνον			n
1.15@καὶ[3]	καὶ	καί			n
1.15@εἶπεν	εἶπεν	εἶπεν			n
1.15@Δανιὴλ	Δανιὴλ	δανιήλ			n
1.15@Ἐπίδετε	Ἐπίδετε	ἐπίδετε			n
1.15@τὰς	τὰς	τάς			n
1.15@σφραγῖδας	σφραγῖδας	σφραγῖδας			n
1.15@ὑμῶν	ὑμῶν	ὑμῶν			n
1.15@εἰ[2]	εἰ	εἰ			n
1.15@μένουσιν	μένουσιν	μένουσιν			n
1.15@ἄνδρες	ἄνδρες	ἄνδρες			n
1.15@ἱερεῖς[2]	ἱερεῖς	ἱερεῖς			n
1.15@καὶ[4]	καὶ	καί			n
1.15@σὺ	σὺ	σύ			n
1.15@δέ	δέ	δέ			n
1.15@βασιλεῦ	βασιλεῦ	βασιλεῦ			n
1.15@σκέψαι	σκέψαι	σκέψαι			n
1.15@μὴ	μὴ	μή			n
1.15@τί	τί	τί			n
1.15@σοι	σοι	σοι			n
1.15@ἀσύμφωνον	ἀσύμφωνον	ἀσύμφωνον			n
1.15@γεγένηται	γεγένηται	γεγένηται			n
1.15@καὶ[5]	καὶ	καί			n
1.15@εὗρον	εὗρον	εὗρον			n
1.15@ὡς	ὡς	ὡς			n
1.15@ἣν	ἣν	ἥν			n
1.15@ἡ	ἡ	ἡ			n
1.15@σφραγίς	σφραγίς	σφραγίς			n
1.15@καὶ[6]	καὶ	καί			n
1.15@ἀπέβαλον	ἀπέβαλον	ἀπέβαλον			n
1.15@τὴν	τὴν	τήν			n
1.15@σφραγῖδα[2]	σφραγῖδα	σφραγῖδα			n
1.18@καὶ	καὶ	καί			n
1.18@ἀνοίξαντες	ἀνοίξαντες	ἀνοίξαντες			n
1.18@τὰς	τὰς	τάς			n
1.18@θύρας	θύρας	θύρας			n
1.18@εἴδοσαν	εἴδοσαν	εἴδοσαν			n
1.18@δεδαπανημένα	δεδαπανημένα	δεδαπανημένα			n
1.18@πάντα	πάντα	πάντα			n
1.18@τὰ[2]	τὰ	τά			n
1.18@παρατεθέντα	παρατεθέντα	παρατεθέντα			n
1.18@καὶ[2]	καὶ	καί			n
1.18@τὰς[2]	τὰς	τάς			n
1.18@τραπέζας	τραπέζας	τραπέζας			n
1.18@κενάς	κενάς	κενάς			n
1.18@καὶ[3]	καὶ	καί			n
1.18@ἐχάρη	ἐχάρη	ἐχάρη			n
1.18@ὁ	ὁ	ὁ			n
1.18@βασιλεύς	βασιλεύς	βασιλεύς			n
1.18@καὶ[4]	καὶ	καί			n
1.18@εἶπεν	εἶπεν	εἶπεν			n
1.18@πρὸς	πρὸς	πρός			n
1.18@τὸν	τὸν	τόν			n
1.18@Δανιὴλ	Δανιὴλ	δανιήλ			n
1.18@Μέγας	Μέγας	μέγας			n
1.18@ἐστὶν	ἐστὶν	ἐστίν			n
1.18@ὁ[2]	ὁ	ὁ			n
1.18@Βήλ	Βήλ	βήλ			n
1.18@καὶ[5]	καὶ	καί			n
1.18@οὐκ	οὐκ	οὐ			n
1.18@ἔστι	ἔστι	ἔστι			n
1.18@παρʼ	παρʼ	παρʼ			n
1.18@αὐτῷ	αὐτῷ	αὐτῷ			n
1.18@δόλος	δόλος	δόλος			n
1.19@καὶ	καὶ	καί			n
1.19@ἐγέλασε	ἐγέλασε	ἐγέλασε			n
1.19@Δανιὴλ	Δανιὴλ	δανιήλ			n
1.19@σφόδρα	σφόδρα	σφόδρα			n
1.19@καὶ[2]	καὶ	καί			n
1.19@εἶπεν	εἶπεν	εἶπεν			n
1.19@τῷ	τῷ	τῷ			n
1.19@βασιλεῖ	βασιλεῖ	βασιλεῖ			n
1.19@Δεῦρο	Δεῦρο	δεῦρο			n
1.19@ἴδε	ἴδε	ἴδε			n
1.19@τὸν	τὸν	τόν			n
1.19@δόλον	δόλον	δόλον			n
1.19@τῶν	τῶν	τῶν			n
1.19@ἱερέων	ἱερέων	ἱερέων			n
1.19@καὶ[3]	καὶ	καί			n
1.19@εἶπεν[2]	εἶπεν	εἶπεν			n
1.19@Δανιὴλ[2]	Δανιὴλ	δανιήλ			n
1.19@Βασιλεῦ	Βασιλεῦ	βασιλεῦ			n
1.19@ταῦτα	ταῦτα	ταῦτα			n
1.19@τὰ	τὰ	τά			n
1.19@ἴχνη	ἴχνη	ἴχνη			n
1.19@τίνος	τίνος	τίνος			n
1.19@ἐστί	ἐστί	ἐστί			n
1.20@καὶ	καὶ	καί			n
1.20@εἶπεν	εἶπεν	εἶπεν			n
1.20@ὁ	ὁ	ὁ			n
1.20@βασιλεύς	βασιλεύς	βασιλεύς			n
1.20@Ἀνδρῶν	Ἀνδρῶν	ἀνδρῶν			n
1.20@καὶ[2]	καὶ	καί			n
1.20@γυναικῶν	γυναικῶν	γυναικῶν			n
1.20@καὶ[3]	καὶ	καί			n
1.20@παιδίων	παιδίων	παιδίων			n
1.21@καὶ	καὶ	καί			n
1.21@ἐπῆλθεν	ἐπῆλθεν	ἐπῆλθεν			n
1.21@ἐπὶ	ἐπὶ	ἐπί			n
1.21@τὸν	τὸν	τόν			n
1.21@οἶκον	οἶκον	οἶκον			n
1.21@ἐν	ἐν	ἐν			n
1.21@ᾧ	ᾧ	ᾧ			n
1.21@ἦσαν	ἦσαν	ἦσαν			n
1.21@οἱ	οἱ	οἱ			n
1.21@ἱερεῖς	ἱερεῖς	ἱερεῖς			n
1.21@καταγινόμενοι	καταγινόμενοι	καταγινόμενοι			n
1.21@καὶ[2]	καὶ	καί			n
1.21@εἶρε	εἶρε	εἶρε			n
1.21@τὰ	τὰ	τά			n
1.21@βρώματα	βρώματα	βρώματα			n
1.21@τοῦ	τοῦ	τοῦ			n
1.21@Βὴλ	Βὴλ	βήλ			n
1.21@καὶ[3]	καὶ	καί			n
1.21@τὸν[2]	τὸν	τόν			n
1.21@οἶνον	οἶνον	οἶνον			n
1.21@καὶ[4]	καὶ	καί			n
1.21@ἐπέδειξε	ἐπέδειξε	ἐπέδειξε			n
1.21@Δανιὴλ	Δανιὴλ	δανιήλ			n
1.21@τῷ	τῷ	τῷ			n
1.21@βασιλεῖ	βασιλεῖ	βασιλεῖ			n
1.21@τὰ[2]	τὰ	τά			n
1.21@ψευδοθύρια	ψευδοθύρια	ψευδοθύρια			n
1.21@δι	δι	δι			n
1.21@ὧν	ὧν	ὧν			n
1.21@εἰσπορευόμενοι	εἰσπορευόμενοι	εἰσπορευόμενοι			n
1.21@οἱ[2]	οἱ	οἱ			n
1.21@ἱερεῖς[2]	ἱερεῖς	ἱερεῖς			n
1.21@ἐδαπάνων	ἐδαπάνων	ἐδαπάνων			n
1.21@τὰ[3]	τὰ	τά			n
1.21@παρατιθέμενα	παρατιθέμενα	παρατιθέμενα			n
1.21@τῷ[2]	τῷ	τῷ			n
1.21@Βήλ	Βήλ	βήλ			n
1.22@καὶ	καὶ	καί			n
1.22@ἐξήγαγεν	ἐξήγαγεν	ἐξήγαγεν			n
1.22@αὐτοὺς	αὐτοὺς	αὐτούς			n
1.22@ὁ	ὁ	ὁ			n
1.22@βασιλεὺς	βασιλεὺς	βασιλεύς			n
1.22@ἐκ	ἐκ	ἐκ			n
1.22@τοῦ	τοῦ	τοῦ			n
1.22@Βηλίου	Βηλίου	βηλίου			n
1.22@καὶ[2]	καὶ	καί			n
1.22@παρέδωκεν	παρέδωκεν	παρέδωκεν			n
1.22@αὐτοὺς[2]	αὐτοὺς	αὐτούς			n
1.22@τῷ	τῷ	τῷ			n
1.22@Δανιὴλ	Δανιὴλ	δανιήλ			n
1.22@καὶ[3]	καὶ	καί			n
1.22@τὴν	τὴν	τήν			n
1.22@δαπάνην	δαπάνην	δαπάνην			n
1.22@τὴν[2]	τὴν	τήν			n
1.22@εἰς	εἰς	εἰς			n
1.22@αὐτὸν	αὐτὸν	αὐτόν			n
1.22@ἔδωκε	ἔδωκε	ἔδωκε			n
1.22@τῷ[2]	τῷ	τῷ			n
1.22@Δανιὴλ[2]	Δανιὴλ	δανιήλ			n
1.22@τὸν[2]	τὸν	τόν			n
1.22@δὲ	δὲ	δέ			n
1.22@Βὴλ	Βὴλ	βήλ			n
1.22@κατέστρεψε	κατέστρεψε	κατέστρεψε			n
1.23@Καὶ	Καὶ	καί			n
1.23@ἣν	ἣν	ἥν			n
1.23@δράκων	δράκων	δράκων			n
1.23@ἐν	ἐν	ἐν			n
1.23@τῷ	τῷ	τῷ			n
1.23@αὐτῷ	αὐτῷ	αὐτῷ			n
1.23@τόπῳ	τόπῳ	τόπῳ			n
1.23@καὶ	καὶ	καί			n
1.23@ἐσέβοντο	ἐσέβοντο	ἐσέβοντο			n
1.23@οἱ	οἱ	οἱ			n
1.23@Βαβυλώνιοι	Βαβυλώνιοι	βαβυλώνιοι			n
1.24@καὶ	καὶ	καί			n
1.24@εἶπεν	εἶπεν	εἶπεν			n
1.24@ὁ	ὁ	ὁ			n
1.24@βασιλεὺς	βασιλεὺς	βασιλεύς			n
1.24@τῷ	τῷ	τῷ			n
1.24@Δανιὴλ	Δανιὴλ	δανιήλ			n
1.24@Μὴ	Μὴ	μή			n
1.24@καὶ[2]	καὶ	καί			n
1.24@τοῦτον	τοῦτον	τοῦτον			n
1.24@ἐρεῖς	ἐρεῖς	ἐρεῖς			n
1.24@ὅτι	ὅτι	ὅτι			n
1.24@χαλκοῦς	χαλκοῦς	χαλκοῦς			n
1.24@ἐστιν	ἐστιν	ἐστίν			n
1.24@ἰδοὺ	ἰδοὺ	ἰδού			n
1.24@ζῇ	ζῇ	ζῇ			n
1.24@καὶ[3]	καὶ	καί			n
1.24@ἐσθίει	ἐσθίει	ἐσθίει			n
1.24@καὶ[4]	καὶ	καί			n
1.24@πίνει	πίνει	πίνει			n
1.24@προσκύνησον	προσκύνησον	προσκύνησον			n
1.24@αὐτῷ	αὐτῷ	αὐτῷ			n
1.26@καὶ	καὶ	καί			n
1.26@εἶπεν	εἶπεν	εἶπεν			n
1.26@Δανιὴλ	Δανιὴλ	δανιήλ			n
1.26@Βασιλεῦ	Βασιλεῦ	βασιλεῦ			n
1.26@δός	δός	δός			n
1.26@μοι	μοι	μοι			n
1.26@τὴν	τὴν	τήν			n
1.26@ἐξουσίαν	ἐξουσίαν	ἐξουσίαν			n
1.26@καὶ[2]	καὶ	καί			n
1.26@ἀνελῶ	ἀνελῶ	ἀνελῶ			n
1.26@τὸν	τὸν	τόν			n
1.26@δράκοντα	δράκοντα	δράκοντα			n
1.26@ἄνευ	ἄνευ	ἄνευ			n
1.26@σιδήρου	σιδήρου	σιδήρου			n
1.26@καὶ[3]	καὶ	καί			n
1.26@ῤάβδου	ῤάβδου	ῤάβδου			n
1.26@καὶ[4]	καὶ	καί			n
1.26@συνεχώρησεν	συνεχώρησεν	συνεχώρησεν			n
1.26@αὐτῷ	αὐτῷ	αὐτῷ			n
1.26@ὁ	ὁ	ὁ			n
1.26@βασιλεὺς	βασιλεὺς	βασιλεύς			n
1.26@καὶ[5]	καὶ	καί			n
1.26@εἶπεν[2]	εἶπεν	εἶπεν			n
1.26@αὐτῷ[2]	αὐτῷ	αὐτῷ			n
1.26@Δέδοταί	Δέδοταί	δέδοται			n
1.26@σοι	σοι	σοι			n
1.27@καὶ	καὶ	καί			n
1.27@λαβὼν	λαβὼν	λαβών			n
1.27@ὁ	ὁ	ὁ			n
1.27@Δανιὴλ	Δανιὴλ	δανιήλ			n
1.27@πίσσης	πίσσης	πίσσης			n
1.27@μνᾶς	μνᾶς	μνᾶς			n
1.27@τριάκοντα	τριάκοντα	τριάκοντα			n
1.27@καὶ[2]	καὶ	καί			n
1.27@στέαρ	στέαρ	στέαρ			n
1.27@καὶ[3]	καὶ	καί			n
1.27@τρίχας	τρίχας	τρίχας			n
1.27@ἥψησεν	ἥψησεν	ἥψησεν			n
1.27@ἐπὶ	ἐπὶ	ἐπί			n
1.27@τὸ	τὸ	τό			n
1.27@αὐτὸ	αὐτὸ	αὐτό			n
1.27@καὶ[4]	καὶ	καί			n
1.27@ἐποίησεν	ἐποίησεν	ἐποίησεν			n
1.27@μάζαν	μάζαν	μάζαν			n
1.27@καὶ[5]	καὶ	καί			n
1.27@ἐνέβαλεν	ἐνέβαλεν	ἐνέβαλεν			n
1.27@εἰς	εἰς	εἰς			n
1.27@τὸ[3]	τὸ	τό			n
1.27@στόμα	στόμα	στόμα			n
1.27@τοῦ	τοῦ	τοῦ			n
1.27@δράκοντος	δράκοντος	δράκοντος			n
1.27@καὶ[6]	καὶ	καί			n
1.27@φαγὼν	φαγὼν	φαγών			n
1.27@διερράγη	διερράγη	διερράγη			n
1.27@καὶ[7]	καὶ	καί			n
1.27@ἔδειξεν	ἔδειξεν	ἔδειξεν			n
1.27@αὐτὸν	αὐτὸν	αὐτόν			n
1.27@τῷ	τῷ	τῷ			n
1.27@βασιλεῖ	βασιλεῖ	βασιλεῖ			n
1.27@λέγων	λέγων	λέγων			n
1.27@Οὐ	Οὐ	οὐ			n
1.27@ταῦτα	ταῦτα	ταῦτα			n
1.27@σέβεσθε	σέβεσθε	σέβεσθε			n
1.27@βασιλεῦ	βασιλεῦ	βασιλεῦ			n
1.28@καὶ	καὶ	καί			n
1.28@συνήχθησαν	συνήχθησαν	συνήχθησαν			n
1.28@οἱ	οἱ	οἱ			n
1.28@ἀπὸ	ἀπὸ	ἀπό			n
1.28@τῆς	τῆς	τῆς			n
1.28@χώρας	χώρας	χώρας			n
1.28@πάντες	πάντες	πάντες			n
1.28@ἐπὶ	ἐπὶ	ἐπί			n
1.28@τὸν	τὸν	τόν			n
1.28@Δανιὴλ	Δανιὴλ	δανιήλ			n
1.28@καὶ[2]	καὶ	καί			n
1.28@εἶπαν	εἶπαν	εἶπαν			n
1.28@Ἰουδαῖος	Ἰουδαῖος	ἰουδαῖος			n
1.28@γέγονεν	γέγονεν	γέγονεν			n
1.28@ὁ	ὁ	ὁ			n
1.28@βασιλεύς	βασιλεύς	βασιλεύς			n
1.28@τὸν[2]	τὸν	τόν			n
1.28@Βὴλ	Βὴλ	βήλ			n
1.28@κατέστρεψε	κατέστρεψε	κατέστρεψε			n
1.28@καὶ[3]	καὶ	καί			n
1.28@τὸν[3]	τὸν	τόν			n
1.28@δράκοντα	δράκοντα	δράκοντα			n
1.28@ἀπέκτεινε	ἀπέκτεινε	ἀπέκτεινε			n
1.30@καὶ	καὶ	καί			n
1.30@ἰδὼν	ἰδὼν	ἰδών			n
1.30@ὁ	ὁ	ὁ			n
1.30@βασιλεὺς	βασιλεὺς	βασιλεύς			n
1.30@ὅτι	ὅτι	ὅτι			n
1.30@ἐπισυνήχθη	ἐπισυνήχθη	ἐπισυνήχθη			n
1.30@ὁ[2]	ὁ	ὁ			n
1.30@ὄχλος	ὄχλος	ὄχλος			n
1.30@τῆς	τῆς	τῆς			n
1.30@χώρας	χώρας	χώρας			n
1.30@ἐπʼ	ἐπʼ	ἐπʼ			n
1.30@αὐτόν	αὐτόν	αὐτόν			n
1.30@ἐκάλεσε	ἐκάλεσε	ἐκάλεσε			n
1.30@τοὺς	τοὺς	τούς			n
1.30@συμβιωτὰς	συμβιωτὰς	συμβιωτάς			n
1.30@αὐτοῦ	αὐτοῦ	αὐτοῦ			n
1.30@καὶ[2]	καὶ	καί			n
1.30@εἶπεν	εἶπεν	εἶπεν			n
1.30@Δίδωμι	Δίδωμι	δίδωμι			n
1.30@τὸν	τὸν	τόν			n
1.30@Δανιὴλ	Δανιὴλ	δανιήλ			n
1.30@εἰς	εἰς	εἰς			n
1.30@ἀπώλειαν	ἀπώλειαν	ἀπώλειαν			n
1.31@32	32	32			n
1.31@ἧν	ἧν	ἧν			n
1.31@δὲ	δὲ	δέ			n
1.31@λάκκος	λάκκος	λάκκος			n
1.31@ἐν	ἐν	ἐν			n
1.31@ᾧ	ᾧ	ᾧ			n
1.31@ἐτρέφοντο	ἐτρέφοντο	ἐτρέφοντο			n
1.31@λέοντες	λέοντες	λέοντες			n
1.31@ἑπτά	ἑπτά	ἑπτά			n
1.31@οἷς	οἷς	οἷς			n
1.31@παρεδίδοντο	παρεδίδοντο	παρεδίδοντο			n
1.31@οἱ	οἱ	οἱ			n
1.31@ἐπίβουλοι	ἐπίβουλοι	ἐπίβουλοι			n
1.31@τοῦ	τοῦ	τοῦ			n
1.31@βασιλέως	βασιλέως	βασιλέως			n
1.31@καὶ	καὶ	καί			n
1.31@ἐχορηγεῖτο	ἐχορηγεῖτο	ἐχορηγεῖτο			n
1.31@αὐτοῖς	αὐτοῖς	αὐτοῖς			n
1.31@καθʼ	καθʼ	καθʼ			n
1.31@ἑκάστην	ἑκάστην	ἑκάστην			n
1.31@ἡμέραν	ἡμέραν	ἡμέραν			n
1.31@τῶν	τῶν	τῶν			n
1.31@ἐπιθανατίων	ἐπιθανατίων	ἐπιθανατίων			n
1.31@σώματα	σώματα	σώματα			n
1.31@δύο	δύο	δύο			n
1.31@καὶ[2]	καὶ	καί			n
1.31@ἐνεβάλοσαν	ἐνεβάλοσαν	ἐνεβάλοσαν			n
1.31@τὸν	τὸν	τόν			n
1.31@Δανιὴλ	Δανιὴλ	δανιήλ			n
1.31@οἱ[2]	οἱ	οἱ			n
1.31@ὄχλοι	ὄχλοι	ὄχλοι			n
1.31@εἰς	εἰς	εἰς			n
1.31@ἐκεῖνον	ἐκεῖνον	ἐκεῖνον			n
1.31@τὸν[2]	τὸν	τόν			n
1.31@λάκκον	λάκκον	λάκκον			n
1.31@ἴνα	ἴνα	ἴνα			n
1.31@καταβρωθῇ	καταβρωθῇ	καταβρωθῇ			n
1.31@καὶ[3]	καὶ	καί			n
1.31@μηδέ	μηδέ	μηδέ			n
1.31@ταφῆς	ταφῆς	ταφῆς			n
1.31@τύχῃ	τύχῃ	τύχῃ			n
1.31@καὶ[4]	καὶ	καί			n
1.31@ἣν	ἣν	ἥν			n
1.31@ἐν[3]	ἐν	ἐν			n
1.31@τῷ	τῷ	τῷ			n
1.31@λάκκῳ	λάκκῳ	λάκκῳ			n
1.31@Δανιὴλ[2]	Δανιὴλ	δανιήλ			n
1.31@ἡμέρας	ἡμέρας	ἡμέρας			n
1.31@ἔξ	ἔξ	ἔξ			n
1.33@καὶ	καὶ	καί			n
1.33@ἐγένετο	ἐγένετο	ἐγένετο			n
1.33@τῇ	τῇ	τῇ			n
1.33@ἡμέρᾳ	ἡμέρᾳ	ἡμέρᾳ			n
1.33@τῇ[2]	τῇ	τῇ			n
1.33@ἕκτῃ	ἕκτῃ	ἕκτῃ			n
1.33@καὶ[2]	καὶ	καί			n
1.33@ἣν	ἣν	ἥν			n
1.33@Ἁμβακοὺμ	Ἁμβακοὺμ	ἁμβακούμ			n
1.33@ἔχων	ἔχων	ἔχων			n
1.33@ἄρτους	ἄρτους	ἄρτους			n
1.33@ἐντεθρυμμένους	ἐντεθρυμμένους	ἐντεθρυμμένους			n
1.33@ἐν[2]	ἐν	ἐν			n
1.33@σκάφῃ	σκάφῃ	σκάφῃ			n
1.33@ἐν[3]	ἐν	ἐν			n
1.33@ἑψήματι	ἑψήματι	ἑψήματι			n
1.33@καὶ[3]	καὶ	καί			n
1.33@στάμνον	στάμνον	στάμνον			n
1.33@οἴνου	οἴνου	οἴνου			n
1.33@κεκερασμένου	κεκερασμένου	κεκερασμένου			n
1.33@καὶ[4]	καὶ	καί			n
1.33@ἐπορεύετο	ἐπορεύετο	ἐπορεύετο			n
1.33@εἰς	εἰς	εἰς			n
1.33@τὸ	τὸ	τό			n
1.33@πεδίον	πεδίον	πεδίον			n
1.33@πρὸς	πρὸς	πρός			n
1.33@τοὺς	τοὺς	τούς			n
1.33@θεριστάς	θεριστάς	θεριστάς			n
1.34@καὶ	καὶ	καί			n
1.34@ἐλάλησεν	ἐλάλησεν	ἐλάλησεν			n
1.34@ἄγγελος	ἄγγελος	ἄγγελος			n
1.34@Κυρίου	Κυρίου	κυρίου			n
1.34@πρὸς	πρὸς	πρός			n
1.34@Ἁμβακοὐμ	Ἁμβακοὐμ	ἁμβακοὐμ			n
1.34@λέγων	λέγων	λέγων			n
1.34@Γάδε	Γάδε	γάδε			n
1.34@λέγει	λέγει	λέγει			n
1.34@σοι	σοι	σοι			n
1.34@Κύριος	Κύριος	κύριος			n
1.34@ὁ	ὁ	ὁ			n
1.34@θεός	θεός	θεός			n
1.34@Τὸ	Τὸ	τό			n
1.34@ἄριστον	ἄριστον	ἄριστον			n
1.34@ὁ[2]	ὁ	ὁ			n
1.34@ἔχεις	ἔχεις	ἔχεις			n
1.34@ἀπένεγκε	ἀπένεγκε	ἀπένεγκε			n
1.34@Δανιὴλ	Δανιὴλ	δανιήλ			n
1.34@εἰς	εἰς	εἰς			n
1.34@τὸν	τὸν	τόν			n
1.34@λάκκον	λάκκον	λάκκον			n
1.34@τῶν	τῶν	τῶν			n
1.34@λεόντων	λεόντων	λεόντων			n
1.34@ἐν	ἐν	ἐν			n
1.34@Βαβυλῶνι	Βαβυλῶνι	βαβυλῶνι			n
1.35@καὶ	καὶ	καί			n
1.35@εἶπεν	εἶπεν	εἶπεν			n
1.35@Ἁμβακούμ	Ἁμβακούμ	ἁμβακούμ			n
1.35@Κύριε	Κύριε	κύριε			n
1.35@ὁ	ὁ	ὁ			n
1.35@θεός	θεός	θεός			n
1.35@οὐχ	οὐχ	οὐ			n
1.35@ἑώρακα	ἑώρακα	ἑώρακα			n
1.35@τὴν	τὴν	τήν			n
1.35@Βαβυλῶνα	Βαβυλῶνα	βαβυλῶνα			n
1.35@καὶ[2]	καὶ	καί			n
1.35@τὸν	τὸν	τόν			n
1.35@λάκκον	λάκκον	λάκκον			n
1.35@οὐ[2]	οὐ	οὐ			n
1.35@γινώσκω	γινώσκω	γινώσκω			n
1.35@ποῦ	ποῦ	ποῦ			n
1.35@ἐστι	ἐστι	ἐστί			n
1.36@καὶ	καὶ	καί			n
1.36@ἐπιλαβόμενος	ἐπιλαβόμενος	ἐπιλαβόμενος			n
1.36@αὐτοῦ	αὐτοῦ	αὐτοῦ			n
1.36@ὁ	ὁ	ὁ			n
1.36@ἄγγελος	ἄγγελος	ἄγγελος			n
1.36@Κυρίου	Κυρίου	κυρίου			n
1.36@τοῦ[2]	τοῦ	τοῦ			n
1.36@Ἁμβακοὺμ	Ἁμβακοὺμ	ἁμβακούμ			n
1.36@τῆς	τῆς	τῆς			n
1.36@κόμης	κόμης	κόμης			n
1.36@αὐτοῦ[2]	αὐτοῦ	αὐτοῦ			n
1.36@τῆς[2]	τῆς	τῆς			n
1.36@κεφαλῆς	κεφαλῆς	κεφαλῆς			n
1.36@ἔθηκεν	ἔθηκεν	ἔθηκεν			n
1.36@αὐτὸν	αὐτὸν	αὐτόν			n
1.36@ἐπάνω	ἐπάνω	ἐπάνω			n
1.36@τοῦ[4]	τοῦ	τοῦ			n
1.36@λάκκου	λάκκου	λάκκου			n
1.36@τοῦ[5]	τοῦ	τοῦ			n
1.36@ἐν	ἐν	ἐν			n
1.36@Βαβυλῶνι	Βαβυλῶνι	βαβυλῶνι			n
1.37@καὶ	καὶ	καί			n
1.37@εἶπεν	εἶπεν	εἶπεν			n
1.37@Ἁμβακοὺμ	Ἁμβακοὺμ	ἁμβακούμ			n
1.37@πρὸς	πρὸς	πρός			n
1.37@Δανιήλ	Δανιήλ	δανιήλ			n
1.37@Ἀναστὰς	Ἀναστὰς	ἀναστάς			n
1.37@φάγε	φάγε	φάγε			n
1.37@τὸ	τὸ	τό			n
1.37@ἄριστον	ἄριστον	ἄριστον			n
1.37@ὃ	ὃ	ὅ			n
1.37@ἀπέστειλέ	ἀπέστειλέ	ἀπέστειλε			n
1.37@σοι	σοι	σοι			n
1.37@Κύριος	Κύριος	κύριος			n
1.37@ὁ	ὁ	ὁ			n
1.37@θεός	θεός	θεός			n
1.38@καὶ	καὶ	καί			n
1.38@εἶπεν	εἶπεν	εἶπεν			n
1.38@Δανιήλ	Δανιήλ	δανιήλ			n
1.38@Ἐμνήσθη	Ἐμνήσθη	ἐμνήσθη			n
1.38@γάρ	γάρ	γάρ			n
1.38@μου	μου	μου			n
1.38@Κύριος	Κύριος	κύριος			n
1.38@ὁ	ὁ	ὁ			n
1.38@θεὸς	θεὸς	θεός			n
1.38@ὁ[2]	ὁ	ὁ			n
1.38@μὴ	μὴ	μή			n
1.38@ἐγκαταλείπων	ἐγκαταλείπων	ἐγκαταλείπων			n
1.38@τοὺς	τοὺς	τούς			n
1.38@ἀγαπῶντας	ἀγαπῶντας	ἀγαπῶντας			n
1.38@αὐτόν	αὐτόν	αὐτόν			n
1.39@καὶ	καὶ	καί			n
1.39@ἔφαγε	ἔφαγε	ἔφαγε			n
1.39@Δανιήλ	Δανιήλ	δανιήλ			n
1.39@ὁ	ὁ	ὁ			n
1.39@δὲ	δὲ	δέ			n
1.39@ἄγγελος	ἄγγελος	ἄγγελος			n
1.39@Κυρίου	Κυρίου	κυρίου			n
1.39@κατέστησε	κατέστησε	κατέστησε			n
1.39@τὸν	τὸν	τόν			n
1.39@Ἁμβακοὺμ	Ἁμβακοὺμ	ἁμβακούμ			n
1.39@ὅθεν	ὅθεν	ὅθεν			n
1.39@αὐτὸν	αὐτὸν	αὐτόν			n
1.39@ἔλαβε	ἔλαβε	ἔλαβε			n
1.39@τῇ	τῇ	τῇ			n
1.39@αὐτῇ	αὐτῇ	αὐτῇ			n
1.39@ἡμέρᾳ	ἡμέρᾳ	ἡμέρᾳ			n
1.39@ὁ[2]	ὁ	ὁ			n
1.39@δὲ[2]	δὲ	δέ			n
1.39@κύριος	κύριος	κύριος			n
1.39@ὁ[3]	ὁ	ὁ			n
1.39@θεὸς	θεὸς	θεός			n
1.39@ἐμνήσθη	ἐμνήσθη	ἐμνήσθη			n
1.39@τοῦ	τοῦ	τοῦ			n
1.39@Δανιὴλ	Δανιὴλ	δανιήλ			n
1.40@ἐξῆλθε	ἐξῆλθε	ἐξῆλθε			n
1.40@δὲ	δὲ	δέ			n
1.40@ὁ	ὁ	ὁ			n
1.40@βασιλεὺς	βασιλεὺς	βασιλεύς			n
1.40@μετὰ	μετὰ	μετά			n
1.40@ταῦτα	ταῦτα	ταῦτα			n
1.40@πενθῶν	πενθῶν	πενθῶν			n
1.40@τὸν	τὸν	τόν			n
1.40@Δανιὴλ	Δανιὴλ	δανιήλ			n
1.40@καὶ	καὶ	καί			n
1.40@ἐγκύψας	ἐγκύψας	ἐγκύψας			n
1.40@εἰς	εἰς	εἰς			n
1.40@τὸν[2]	τὸν	τόν			n
1.40@λάκκον	λάκκον	λάκκον			n
1.40@ὁρᾷ	ὁρᾷ	ὁρᾷ			n
1.40@αὐτὸν	αὐτὸν	αὐτόν			n
1.40@καθήμενον	καθήμενον	καθήμενον			n
1.41@καὶ	καὶ	καί			n
1.41@ἀναβοήσας	ἀναβοήσας	ἀναβοήσας			n
1.41@εἶπεν	εἶπεν	εἶπεν			n
1.41@ὁ	ὁ	ὁ			n
1.41@βασιλεύς	βασιλεύς	βασιλεύς			n
1.41@Μέγας	Μέγας	μέγας			n
1.41@ἐστὶ	ἐστὶ	ἐστί			n
1.41@Κύριος	Κύριος	κύριος			n
1.41@ὁ[2]	ὁ	ὁ			n
1.41@θεός	θεός	θεός			n
1.41@καὶ[2]	καὶ	καί			n
1.41@οὐκ	οὐκ	οὐ			n
1.41@ἔστι	ἔστι	ἔστι			n
1.41@πλὴν	πλὴν	πλήν			n
1.41@αὐτοῦ	αὐτοῦ	αὐτοῦ			n
1.41@ἄλλος	ἄλλος	ἄλλος			n
1.42@καὶ	καὶ	καί			n
1.42@ἐξήγαγεν	ἐξήγαγεν	ἐξήγαγεν			n
1.42@ὁ	ὁ	ὁ			n
1.42@βασιλεὺς	βασιλεὺς	βασιλεύς			n
1.42@τὸν	τὸν	τόν			n
1.42@Δανιὴλ	Δανιὴλ	δανιήλ			n
1.42@ἐκ	ἐκ	ἐκ			n
1.42@τοῦ	τοῦ	τοῦ			n
1.42@λάκκον	λάκκον	λάκκον			n
1.42@καὶ[2]	καὶ	καί			n
1.42@τοὺς	τοὺς	τούς			n
1.42@αἰτίους	αἰτίους	αἰτίους			n
1.42@τῆς	τῆς	τῆς			n
1.42@ἀπωλείας	ἀπωλείας	ἀπωλείας			n
1.42@αὐτοῦ	αὐτοῦ	αὐτοῦ			n
1.42@ἐνέβαλεν	ἐνέβαλεν	ἐνέβαλεν			n
1.42@εἰς	εἰς	εἰς			n
1.42@τὸν[2]	τὸν	τόν			n
1.42@λάκκον[2]	λάκκον	λάκκον			n
1.42@ἐνώπιον	ἐνώπιον	ἐνώπιον			n
1.42@τοῦ[3]	τοῦ	τοῦ			n
1.42@Δανιήλ	Δανιήλ	δανιήλ			n
1.42@καὶ[3]	καὶ	καί			n
1.42@κατεβρώθησαν	κατεβρώθησαν	κατεβρώθησαν			n
